Priority | Area | Timeslot | Duration | Frequency | Time | ID | Operator
[[1. 1. 0. 9. 1. 1. 1. 2.]]
[[2. 4. 1. 1. 2. 2. 2. 3.]]
[[2. 6. 2. 4. 2. 3. 3. 2.]]
[[ 3.  2.  3. 10.  1.  2.  4.  2.]]
[[3. 2. 4. 5. 1. 2. 5. 1.]]
[[1. 1. 5. 9. 1. 1. 6. 1.]]
[[1. 2. 7. 8. 1. 2. 7. 2.]]
[[ 3.  2.  8. 10.  2.  1.  8.  1.]]
[[1. 3. 9. 7. 1. 3. 9. 2.]]
[[ 3.  3. 10.  7.  1.  3. 10.  1.]]
[[ 1.  2. 11.  6.  2.  1. 11.  3.]]
[[ 2.  1. 12.  5.  1.  1. 12.  3.]]
[[ 3.  2. 13.  9.  1.  2. 13.  2.]]
[[ 1.  6. 15.  5.  2.  3. 14.  1.]]
[[ 3.  2. 16.  6.  1.  2. 15.  2.]]
[[ 1.  2. 17.  2.  1.  2. 16.  3.]]
[[ 1.  6. 18.  2.  2.  3. 17.  1.]]
[[ 1.  1. 20.  2.  1.  1. 18.  2.]]
[[ 1.  2. 21. 10.  2.  1. 19.  2.]]
[[ 3.  4. 22.  4.  2.  2. 20.  3.]]
[[ 2.  4. 24.  4.  2.  2. 21.  2.]]
[[ 3.  3. 25. 10.  3.  1. 22.  2.]]
[[ 2.  2. 27.  9.  2.  1. 23.  3.]]
[[ 3.  6. 28.  7.  3.  2. 24.  3.]]
[[ 3.  1. 29.  9.  1.  1. 25.  2.]]
[[ 3.  3. 30.  6.  3.  1. 26.  3.]]
[[ 1.  6. 31.  7.  2.  3. 27.  3.]]
[[ 3.  6. 32.  2.  2.  3. 28.  3.]]
[[ 3.  4. 33.  2.  2.  2. 29.  2.]]
[[ 3.  4. 34.  4.  2.  2. 30.  2.]]
[[ 1.  9. 35.  3.  3.  3. 31.  3.]]
[[ 2.  2. 36. 10.  2.  1. 32.  3.]]
[[ 1.  2. 38.  1.  2.  1. 33.  2.]]
[[ 3.  2. 39.  1.  2.  1. 34.  1.]]
[[ 3.  1. 41.  1.  1.  1. 35.  2.]]
[[ 2.  2. 42.  6.  2.  1. 36.  1.]]
[[ 2.  9. 43. 10.  3.  3. 37.  2.]]
[[ 2.  3. 44.  6.  3.  1. 38.  2.]]
[[ 2.  3. 45.  2.  1.  3. 39.  1.]]
[[ 1.  2. 46.  9.  1.  2. 40.  1.]]
[[ 2.  1. 47.  5.  1.  1. 41.  1.]]
[[ 3.  2. 48.  8.  2.  1. 42.  2.]]
[[ 2.  4. 49. 10.  2.  2. 43.  2.]]
[[ 3.  2. 51. 10.  1.  2. 44.  2.]]
[[ 3.  6. 52.  1.  3.  2. 45.  2.]]
[[ 2.  4. 54. 10.  2.  2. 46.  3.]]
[[ 3.  9. 55.  3.  3.  3. 47.  1.]]
[[ 3.  2. 57.  9.  1.  2. 48.  1.]]
[[ 1.  2. 58.  3.  2.  1. 49.  2.]]
[[ 2.  1. 59.  8.  1.  1. 50.  1.]]
[[ 1.  3. 60.  4.  3.  1. 51.  1.]]
[[ 2.  4. 61.  9.  2.  2. 52.  2.]]
[[ 3.  3. 62.  9.  1.  3. 53.  3.]]
[[ 2.  6. 63.  2.  2.  3. 54.  1.]]
[[ 2.  9. 64.  3.  3.  3. 55.  2.]]
[[ 3.  2. 65.  8.  2.  1. 56.  1.]]
[[ 3.  6. 66.  1.  3.  2. 57.  1.]]
[[ 1.  6. 67.  6.  3.  2. 58.  2.]]
[[ 2.  3. 71.  7.  3.  1. 59.  1.]]
[[ 2.  2. 72.  1.  1.  2. 60.  2.]]
[[ 3.  3. 73.  2.  3.  1. 61.  3.]]
[[ 3.  1. 74.  9.  1.  1. 62.  2.]]
[[ 1.  9. 75.  5.  3.  3. 63.  3.]]
[[ 2.  4. 76.  8.  2.  2. 64.  1.]]
[[ 2.  1. 77.  4.  1.  1. 65.  2.]]
[[ 1.  4. 78.  4.  2.  2. 66.  1.]]
[[ 3.  2. 80.  7.  2.  1. 67.  1.]]
[[ 3.  2. 81.  8.  2.  1. 68.  1.]]
[[ 3.  9. 82. 10.  3.  3. 69.  3.]]
[[ 3.  9. 85.  6.  3.  3. 70.  2.]]
[[ 3.  9. 86.  3.  3.  3. 71.  2.]]
[[ 2.  2. 87.  8.  2.  1. 72.  2.]]
[[ 1.  3. 89.  8.  1.  3. 73.  2.]]
[[ 2.  1. 90.  2.  1.  1. 74.  2.]]
[[ 3.  9. 91.  1.  3.  3. 75.  2.]]
[[ 1.  2. 92.  3.  2.  1. 76.  1.]]
[[ 1.  2. 95.  8.  1.  2. 77.  2.]]
[[ 2.  3. 96.  4.  1.  3. 78.  2.]]
[[ 1.  2. 98.  4.  2.  1. 79.  1.]]
[[ 1.  3. 99.  4.  3.  1. 80.  1.]]
[[  1.   3. 100.  10.   1.   3.  81.   2.]]
[[  2.   6. 101.   4.   3.   2.  82.   2.]]
[[  3.   3. 103.   6.   1.   3.  83.   2.]]
[[  2.   2. 104.   7.   1.   2.  84.   1.]]
[[  2.   1. 105.   1.   1.   1.  85.   2.]]
[[  3.   6. 106.   2.   2.   3.  86.   2.]]
[[  3.   2. 107.   5.   1.   2.  87.   1.]]
[[  2.   2. 108.   2.   1.   2.  88.   3.]]
[[  3.   6. 110.   4.   2.   3.  89.   1.]]
[[  3.   4. 111.   4.   2.   2.  90.   1.]]
[[  3.   9. 115.   3.   3.   3.  91.   1.]]
[[  3.   3. 116.   1.   3.   1.  92.   3.]]
[[  1.   6. 118.   8.   3.   2.  93.   1.]]
[[  3.   1. 121.  10.   1.   1.  94.   1.]]
[[  3.   1. 123.   7.   1.   1.  95.   2.]]
[[  3.   4. 124.   2.   2.   2.  96.   2.]]
[[  3.   3. 125.   8.   3.   1.  97.   3.]]
[[  3.   9. 128.  10.   3.   3.  98.   2.]]
[[  3.   2. 129.   1.   1.   2.  99.   2.]]
[[  2.   9. 130.   1.   3.   3. 100.   2.]]
[[  2.   9. 131.   8.   3.   3. 101.   2.]]
[[  2.   2. 132.   7.   2.   1. 102.   2.]]
[[  2.   2. 133.   7.   1.   2. 103.   1.]]
[[  3.   2. 135.   6.   2.   1. 104.   1.]]
[[  2.   9. 137.   9.   3.   3. 105.   2.]]
[[  1.   3. 138.   2.   3.   1. 106.   1.]]
[[  2.   1. 139.   3.   1.   1. 107.   3.]]
[[  3.   2. 141.   3.   1.   2. 108.   1.]]
[[  2.   3. 143.   7.   3.   1. 109.   2.]]
[[  3.   9. 144.   4.   3.   3. 110.   1.]]
[[  3.   6. 145.   3.   2.   3. 111.   2.]]
[[  3.   9. 146.   1.   3.   3. 112.   1.]]
[[  3.   1. 147.   2.   1.   1. 113.   3.]]
[[  3.   9. 148.   8.   3.   3. 114.   2.]]
[[  2.   6. 150.  10.   3.   2. 115.   1.]]
[[  3.   1. 151.   1.   1.   1. 116.   2.]]
[[  2.   6. 152.   8.   3.   2. 117.   1.]]
[[  1.   6. 153.   8.   3.   2. 118.   2.]]
[[  2.   3. 154.   2.   3.   1. 119.   1.]]
[[  2.   6. 155.   7.   2.   3. 120.   2.]]
[[  3.   2. 156.   2.   2.   1. 121.   2.]]
[[  2.   6. 158.   6.   2.   3. 122.   2.]]
[[  3.   2. 160.   6.   2.   1. 123.   1.]]
[[  1.   6. 161.   3.   3.   2. 124.   3.]]
[[  2.   2. 163.   2.   1.   2. 125.   2.]]
[[  2.   9. 164.   8.   3.   3. 126.   2.]]
[[  3.   2. 165.   5.   1.   2. 127.   3.]]
[[  3.   2. 166.   1.   2.   1. 128.   1.]]
[[  2.   9. 168.   1.   3.   3. 129.   2.]]
[[  2.   3. 171.   7.   1.   3. 130.   2.]]
[[  3.   2. 172.   2.   1.   2. 131.   1.]]
[[  3.   6. 173.  10.   2.   3. 132.   1.]]
[[  2.   2. 174.   1.   1.   2. 133.   1.]]
[[  2.   2. 175.   1.   1.   2. 134.   2.]]
[[  2.   4. 176.   8.   2.   2. 135.   1.]]
[[  2.   4. 177.   5.   2.   2. 136.   2.]]
[[  3.   2. 178.   8.   2.   1. 137.   1.]]
[[  2.   9. 180.   1.   3.   3. 138.   2.]]
[[  3.   2. 181.   7.   1.   2. 139.   3.]]
[[  3.   3. 182.   8.   3.   1. 140.   2.]]
[[  3.   3. 183.   5.   3.   1. 141.   1.]]
[[  1.   3. 184.   1.   1.   3. 142.   2.]]
[[  1.   2. 185.   6.   2.   1. 143.   1.]]
[[  3.   9. 186.  10.   3.   3. 144.   3.]]
[[  3.   6. 187.   9.   3.   2. 145.   1.]]
[[  3.   3. 188.   5.   1.   3. 146.   2.]]
[[  2.   1. 189.   6.   1.   1. 147.   2.]]
[[  3.   3. 190.  10.   1.   3. 148.   1.]]
[[  1.   2. 191.   3.   2.   1. 149.   2.]]
[[  1.   3. 192.   3.   1.   3. 150.   3.]]
[[  3.   6. 194.   4.   2.   3. 151.   3.]]
[[  3.   6. 195.   7.   3.   2. 152.   2.]]
[[  3.   2. 196.   3.   1.   2. 153.   2.]]
[[  1.   3. 197.   8.   1.   3. 154.   1.]]
[[  1.   6. 199.   9.   3.   2. 155.   3.]]
[[  3.   3. 200.   1.   3.   1. 156.   2.]]
[[  3.   6. 201.   5.   2.   3. 157.   3.]]
[[  1.   2. 202.   6.   2.   1. 158.   2.]]
[[  2.   2. 203.   6.   1.   2. 159.   3.]]
[[  3.   2. 204.   9.   1.   2. 160.   1.]]
[[  2.   2. 205.   6.   2.   1. 161.   3.]]
[[  3.   9. 206.  10.   3.   3. 162.   2.]]
[[  2.   6. 207.   6.   2.   3. 163.   1.]]
[[  3.   6. 208.   5.   2.   3. 164.   2.]]
[[  3.   2. 209.   6.   2.   1. 165.   2.]]
[[  3.   2. 210.  10.   2.   1. 166.   1.]]
[[  2.   3. 211.   2.   1.   3. 167.   3.]]
[[  3.   6. 212.   2.   3.   2. 168.   1.]]
[[  2.   2. 213.   7.   1.   2. 169.   3.]]
[[  2.   9. 214.   5.   3.   3. 170.   2.]]
[[  2.   4. 216.   8.   2.   2. 171.   3.]]
[[  3.   3. 218.   7.   3.   1. 172.   2.]]
[[  2.   2. 219.   9.   2.   1. 173.   3.]]
[[  2.   6. 221.   1.   2.   3. 174.   2.]]
[[  3.   6. 223.   3.   3.   2. 175.   3.]]
[[  1.   3. 225.   8.   3.   1. 176.   1.]]
[[  2.   3. 226.   7.   1.   3. 177.   1.]]
[[  3.   6. 228.   3.   3.   2. 178.   1.]]
[[  3.   2. 230.  10.   2.   1. 179.   2.]]
[[  2.   3. 231.   1.   3.   1. 180.   1.]]
[[  2.   2. 232.   1.   1.   2. 181.   1.]]
[[  3.   6. 235.   6.   3.   2. 182.   2.]]
[[  2.   6. 236.   7.   3.   2. 183.   2.]]
[[  2.   3. 237.   4.   1.   3. 184.   3.]]
[[  2.   3. 238.   2.   1.   3. 185.   1.]]
[[  2.   6. 239.   5.   2.   3. 186.   2.]]
[[  2.   6. 240.   1.   2.   3. 187.   2.]]
[[  1.   6. 241.   4.   2.   3. 188.   2.]]
[[  3.   2. 242.   5.   2.   1. 189.   3.]]
[[  3.   3. 244.   4.   1.   3. 190.   1.]]
[[  3.   2. 245.   4.   2.   1. 191.   2.]]
[[  2.   1. 246.  10.   1.   1. 192.   2.]]
[[  3.   3. 247.   7.   3.   1. 193.   1.]]
[[  3.   4. 248.   3.   2.   2. 194.   1.]]
[[  1.   6. 249.   6.   3.   2. 195.   3.]]
[[  1.   2. 250.   6.   1.   2. 196.   2.]]
[[  2.   9. 251.   9.   3.   3. 197.   1.]]
[[  3.   3. 252.  10.   3.   1. 198.   1.]]
[[  2.   4. 253.  10.   2.   2. 199.   3.]]
[[  2.   9. 255.   5.   3.   3. 200.   2.]]
[[  3.   2. 256.   1.   1.   2. 201.   1.]]
[[  2.   2. 257.  10.   2.   1. 202.   2.]]
[[  3.   9. 258.   8.   3.   3. 203.   2.]]
[[  3.   6. 259.   4.   3.   2. 204.   1.]]
[[  2.   9. 260.  10.   3.   3. 205.   1.]]
[[  2.   2. 262.   3.   1.   2. 206.   1.]]
[[  3.   3. 263.   7.   3.   1. 207.   2.]]
[[  1.   1. 264.   8.   1.   1. 208.   1.]]
[[  3.   2. 265.   9.   2.   1. 209.   1.]]
[[  2.   2. 266.   4.   2.   1. 210.   2.]]
[[  3.   2. 267.   5.   1.   2. 211.   3.]]
[[  3.   3. 268.   9.   1.   3. 212.   1.]]
[[  3.   2. 269.   3.   2.   1. 213.   1.]]
[[  2.   4. 270.   4.   2.   2. 214.   1.]]
[[  1.   2. 271.   6.   1.   2. 215.   3.]]
[[  1.   3. 273.   3.   1.   3. 216.   1.]]
[[  3.   4. 274.   8.   2.   2. 217.   3.]]
[[  2.   6. 275.   1.   2.   3. 218.   2.]]
[[  3.   3. 276.   9.   1.   3. 219.   2.]]
[[  2.   4. 277.  10.   2.   2. 220.   3.]]
[[  2.   6. 279.   5.   2.   3. 221.   2.]]
[[  3.   4. 280.   7.   2.   2. 222.   1.]]
[[  1.   4. 281.   7.   2.   2. 223.   3.]]
[[  2.   3. 282.   8.   3.   1. 224.   1.]]
[[  2.   4. 283.   5.   2.   2. 225.   2.]]
[[  3.   2. 285.   4.   2.   1. 226.   2.]]
[[  2.   1. 286.   1.   1.   1. 227.   2.]]
[[  1.   9. 287.   9.   3.   3. 228.   3.]]
[[  1.   2. 288.   9.   1.   2. 229.   2.]]
[[  3.   3. 289.   6.   1.   3. 230.   2.]]
[[  3.   2. 290.   8.   1.   2. 231.   3.]]
[[  3.   9. 291.   4.   3.   3. 232.   2.]]
[[  3.   1. 292.   9.   1.   1. 233.   2.]]
[[  2.   6. 293.   5.   3.   2. 234.   2.]]
[[  1.   2. 294.   5.   2.   1. 235.   2.]]
[[  3.   3. 297.   5.   3.   1. 236.   2.]]
[[  1.   6. 298.   8.   3.   2. 237.   2.]]
[[  3.   3. 299.   4.   1.   3. 238.   2.]]
[[  3.   3. 301.  10.   3.   1. 239.   2.]]
[[  3.   3. 303.   9.   1.   3. 240.   2.]]
[[  1.   9. 305.   9.   3.   3. 241.   3.]]
[[  3.   9. 306.   5.   3.   3. 242.   1.]]
[[  1.   1. 307.   3.   1.   1. 243.   2.]]
[[  3.   4. 309.   6.   2.   2. 244.   1.]]
[[  2.   3. 310.   8.   1.   3. 245.   2.]]
[[  3.   1. 312.   3.   1.   1. 246.   1.]]
[[  2.   6. 313.  10.   3.   2. 247.   2.]]
[[  1.   6. 314.   6.   2.   3. 248.   2.]]
[[  2.   9. 315.   3.   3.   3. 249.   1.]]
[[  3.   6. 316.   6.   2.   3. 250.   3.]]
[[  1.   4. 317.   4.   2.   2. 251.   2.]]
[[  3.   6. 320.   6.   2.   3. 252.   3.]]
[[  3.   2. 321.   9.   2.   1. 253.   1.]]
[[  3.   6. 322.   7.   3.   2. 254.   3.]]
[[  3.   2. 323.   8.   2.   1. 255.   1.]]
[[  1.   2. 324.   9.   1.   2. 256.   1.]]
[[  3.   1. 325.   5.   1.   1. 257.   2.]]
[[  3.   6. 326.   6.   2.   3. 258.   2.]]
[[  3.   3. 327.  10.   1.   3. 259.   3.]]
[[  2.   3. 328.   2.   3.   1. 260.   1.]]
[[  3.   1. 329.  10.   1.   1. 261.   2.]]
[[  3.   3. 332.   9.   3.   1. 262.   1.]]
[[  2.   1. 333.   5.   1.   1. 263.   3.]]
[[  3.   2. 334.   5.   1.   2. 264.   1.]]
[[  1.   1. 336.   9.   1.   1. 265.   1.]]
[[  3.   3. 337.   7.   1.   3. 266.   1.]]
[[  2.   2. 338.  10.   1.   2. 267.   2.]]
[[  3.   1. 339.  10.   1.   1. 268.   1.]]
[[  1.   2. 340.  10.   1.   2. 269.   2.]]
[[  2.   2. 341.   2.   1.   2. 270.   2.]]
[[  3.   2. 342.   6.   1.   2. 271.   2.]]
[[  2.   3. 343.   5.   3.   1. 272.   3.]]
[[  1.   3. 345.   5.   3.   1. 273.   2.]]
[[  3.   9. 346.   2.   3.   3. 274.   2.]]
[[  3.   6. 347.   2.   2.   3. 275.   3.]]
[[  3.   6. 350.  10.   3.   2. 276.   1.]]
[[  3.   6. 351.   7.   2.   3. 277.   1.]]
[[  3.   3. 352.   2.   1.   3. 278.   2.]]
[[  2.   4. 354.   4.   2.   2. 279.   3.]]
[[  3.   6. 355.   5.   3.   2. 280.   1.]]
[[  1.   2. 356.   1.   2.   1. 281.   1.]]
[[  3.   3. 357.  10.   3.   1. 282.   1.]]
[[  2.   6. 358.   9.   3.   2. 283.   2.]]
[[  3.   6. 360.   2.   3.   2. 284.   1.]]
[[  2.   3. 362.   9.   3.   1. 285.   1.]]
[[  2.   2. 363.  10.   2.   1. 286.   2.]]
[[  3.   2. 364.   4.   2.   1. 287.   2.]]
[[  1.   4. 365.   9.   2.   2. 288.   2.]]
[[  2.   3. 367.   3.   1.   3. 289.   1.]]
[[  2.   2. 368.   2.   2.   1. 290.   2.]]
[[  2.   2. 369.   7.   1.   2. 291.   1.]]
[[  3.   3. 370.   1.   1.   3. 292.   1.]]
[[  2.   9. 372.   9.   3.   3. 293.   1.]]
[[  3.   6. 373.   5.   3.   2. 294.   1.]]
[[  2.   6. 374.   1.   3.   2. 295.   1.]]
[[  2.   3. 376.   1.   3.   1. 296.   3.]]
[[  3.   2. 378.  10.   1.   2. 297.   2.]]
[[  3.   9. 379.   3.   3.   3. 298.   1.]]
[[  3.   6. 380.   7.   2.   3. 299.   3.]]
[[  3.   2. 381.   6.   2.   1. 300.   2.]]
[[  3.   3. 382.   7.   1.   3. 301.   2.]]
[[  1.   3. 383.   3.   1.   3. 302.   2.]]
[[  2.   3. 384.   2.   1.   3. 303.   2.]]
[[  2.   4. 386.   7.   2.   2. 304.   1.]]
[[  1.   4. 387.   1.   2.   2. 305.   2.]]
[[  3.   6. 388.  10.   3.   2. 306.   2.]]
[[  2.   9. 389.   8.   3.   3. 307.   1.]]
[[  3.   1. 390.   2.   1.   1. 308.   1.]]
[[  2.   2. 391.   2.   2.   1. 309.   2.]]
[[  3.   2. 392.   1.   2.   1. 310.   1.]]
[[  2.   4. 394.   5.   2.   2. 311.   1.]]
[[  1.   2. 395.   4.   2.   1. 312.   1.]]
[[  3.   3. 396.   1.   3.   1. 313.   2.]]
[[  1.   2. 397.   7.   2.   1. 314.   1.]]
[[  2.   3. 398.   2.   3.   1. 315.   2.]]
[[  2.   3. 399.  10.   1.   3. 316.   3.]]
[[  1.   3. 401.   5.   1.   3. 317.   2.]]
[[  3.   3. 403.   6.   3.   1. 318.   2.]]
[[  2.   9. 404.   1.   3.   3. 319.   1.]]
[[  2.   3. 405.   2.   1.   3. 320.   2.]]
[[  2.   6. 406.   7.   2.   3. 321.   2.]]
[[  3.   6. 407.   2.   2.   3. 322.   2.]]
[[  3.   4. 408.   4.   2.   2. 323.   1.]]
[[  1.   3. 409.   5.   1.   3. 324.   2.]]
[[  3.   1. 410.   8.   1.   1. 325.   2.]]
[[  3.   2. 411.   9.   2.   1. 326.   1.]]
[[  2.   6. 412.  10.   3.   2. 327.   2.]]
[[  2.   2. 413.   9.   2.   1. 328.   2.]]
[[  2.   2. 414.   4.   2.   1. 329.   1.]]
[[  2.   9. 415.   4.   3.   3. 330.   1.]]
[[  1.   6. 416.   7.   3.   2. 331.   2.]]
[[  3.   2. 417.   8.   1.   2. 332.   3.]]
[[  2.   6. 418.   6.   3.   2. 333.   1.]]
[[  3.   6. 420.   7.   3.   2. 334.   1.]]
[[  2.   2. 421.  10.   2.   1. 335.   2.]]
[[  2.   4. 424.   5.   2.   2. 336.   2.]]
[[  2.   9. 425.   2.   3.   3. 337.   1.]]
[[  2.   3. 426.  10.   1.   3. 338.   2.]]
[[  3.   3. 427.   6.   3.   1. 339.   1.]]
[[  3.   4. 428.   4.   2.   2. 340.   2.]]
[[  1.   9. 429.   3.   3.   3. 341.   1.]]
[[  3.   2. 430.   1.   1.   2. 342.   1.]]
[[  2.   6. 432.   2.   2.   3. 343.   3.]]
[[  3.   6. 433.   8.   2.   3. 344.   2.]]
[[  2.   3. 434.   9.   1.   3. 345.   3.]]
[[  2.   3. 436.   8.   1.   3. 346.   1.]]
[[  3.   4. 437.   8.   2.   2. 347.   1.]]
[[  2.   2. 441.   9.   2.   1. 348.   1.]]
[[  3.   6. 442.   3.   2.   3. 349.   2.]]
[[  3.   1. 443.  10.   1.   1. 350.   1.]]
[[  3.   3. 444.  10.   1.   3. 351.   2.]]
[[  3.   4. 445.   7.   2.   2. 352.   2.]]
[[  3.   6. 447.   8.   2.   3. 353.   3.]]
[[  3.   4. 448.   6.   2.   2. 354.   1.]]
[[  2.   1. 449.   3.   1.   1. 355.   1.]]
[[  3.   6. 450.   6.   2.   3. 356.   1.]]
[[  1.   2. 452.   8.   2.   1. 357.   2.]]
[[  1.   6. 453.   5.   3.   2. 358.   2.]]
[[  3.   3. 454.   5.   3.   1. 359.   3.]]
[[  1.   1. 455.   8.   1.   1. 360.   2.]]
[[  2.   6. 456.   8.   2.   3. 361.   2.]]
[[  2.   3. 458.   4.   3.   1. 362.   1.]]
[[  3.   3. 459.   5.   1.   3. 363.   1.]]
[[  3.   6. 460.   5.   3.   2. 364.   2.]]
[[  3.   9. 461.   7.   3.   3. 365.   3.]]
[[  3.   1. 463.   3.   1.   1. 366.   1.]]
[[  2.   3. 464.   7.   3.   1. 367.   1.]]
[[  2.   2. 466.   6.   2.   1. 368.   1.]]
[[  1.   6. 468.  10.   2.   3. 369.   2.]]
[[  2.   2. 469.   4.   1.   2. 370.   1.]]
[[  2.   3. 470.  10.   3.   1. 371.   1.]]
[[  2.   1. 471.   6.   1.   1. 372.   2.]]
[[  3.   3. 472.   8.   3.   1. 373.   1.]]
[[  3.   3. 473.   9.   3.   1. 374.   3.]]
[[  3.   9. 475.   8.   3.   3. 375.   3.]]
[[  3.   6. 476.   5.   3.   2. 376.   2.]]
[[  3.   6. 477.   7.   3.   2. 377.   1.]]
[[  1.   3. 479.   5.   1.   3. 378.   2.]]
[[  3.   2. 481.   6.   1.   2. 379.   1.]]
[[  3.   2. 482.   5.   1.   2. 380.   1.]]
[[  3.   4. 483.  10.   2.   2. 381.   1.]]
[[  2.   4. 484.   8.   2.   2. 382.   1.]]
[[  1.   1. 486.   1.   1.   1. 383.   2.]]
[[  3.   3. 487.   1.   3.   1. 384.   1.]]
[[  3.   3. 488.   3.   3.   1. 385.   1.]]
[[  2.   6. 490.   2.   2.   3. 386.   3.]]
[[  2.   2. 491.   8.   2.   1. 387.   3.]]
[[  3.   6. 492.   6.   2.   3. 388.   2.]]
[[  2.   1. 493.   5.   1.   1. 389.   3.]]
[[  3.   6. 495.   6.   2.   3. 390.   1.]]
[[  2.   6. 496.   9.   2.   3. 391.   2.]]
[[  3.   4. 497.   5.   2.   2. 392.   1.]]
[[  2.   6. 499.   3.   3.   2. 393.   1.]]
[[  2.   6. 502.   6.   3.   2. 394.   3.]]
[[  2.   4. 504.  10.   2.   2. 395.   3.]]
[[  1.   2. 505.   7.   1.   2. 396.   1.]]
[[  3.   1. 507.   2.   1.   1. 397.   1.]]
[[  3.   2. 508.   7.   1.   2. 398.   3.]]
[[  1.   4. 509.   3.   2.   2. 399.   1.]]
[[  3.   9. 511.   5.   3.   3. 400.   1.]]
[[  3.   3. 513.   7.   3.   1. 401.   2.]]
[[  3.   1. 514.   3.   1.   1. 402.   1.]]
[[  3.   2. 515.   2.   1.   2. 403.   3.]]
[[  2.   4. 516.   4.   2.   2. 404.   2.]]
[[  3.   2. 517.  10.   2.   1. 405.   2.]]
[[  3.   9. 520.   1.   3.   3. 406.   2.]]
[[  1.   3. 521.   6.   1.   3. 407.   1.]]
[[  3.   6. 522.   8.   3.   2. 408.   1.]]
[[  3.   1. 523.   1.   1.   1. 409.   2.]]
[[  2.   1. 524.   3.   1.   1. 410.   2.]]
[[  2.   6. 526.   8.   2.   3. 411.   2.]]
[[  3.   1. 527.   8.   1.   1. 412.   2.]]
[[  1.   6. 528.   8.   3.   2. 413.   2.]]
[[  1.   3. 532.   5.   3.   1. 414.   2.]]
[[  3.   1. 533.   7.   1.   1. 415.   2.]]
[[  3.   6. 534.   8.   3.   2. 416.   3.]]
[[  1.   3. 536.   7.   1.   3. 417.   3.]]
[[  2.   6. 537.   5.   2.   3. 418.   1.]]
[[  3.   2. 538.   2.   2.   1. 419.   1.]]
[[  1.   6. 539.   8.   2.   3. 420.   1.]]
[[  3.   2. 541.   6.   1.   2. 421.   1.]]
[[  3.   6. 542.  10.   2.   3. 422.   1.]]
[[  2.   2. 543.   1.   1.   2. 423.   1.]]
[[  2.   4. 544.   8.   2.   2. 424.   1.]]
[[  3.   2. 545.   1.   2.   1. 425.   2.]]
[[  2.   2. 546.   3.   2.   1. 426.   2.]]
[[  2.   3. 547.  10.   1.   3. 427.   3.]]
[[  3.   9. 548.   7.   3.   3. 428.   1.]]
[[  1.   2. 549.   6.   2.   1. 429.   2.]]
[[  3.   9. 551.   8.   3.   3. 430.   2.]]
[[  2.   3. 552.   7.   3.   1. 431.   3.]]
[[  2.   9. 553.   7.   3.   3. 432.   2.]]
[[  3.   4. 554.   6.   2.   2. 433.   2.]]
[[  2.   6. 555.   9.   2.   3. 434.   3.]]
[[  2.   1. 556.   6.   1.   1. 435.   2.]]
[[  3.   9. 557.   7.   3.   3. 436.   1.]]
[[  1.   6. 558.   5.   2.   3. 437.   1.]]
[[  2.   6. 560.   9.   2.   3. 438.   1.]]
[[  3.   4. 561.   5.   2.   2. 439.   2.]]
[[  3.   4. 562.   4.   2.   2. 440.   2.]]
[[  3.   4. 563.   2.   2.   2. 441.   1.]]
[[  3.   6. 565.   8.   2.   3. 442.   2.]]
[[  3.   1. 566.   9.   1.   1. 443.   3.]]
[[  3.   6. 567.   6.   2.   3. 444.   2.]]
[[  2.   3. 568.   3.   3.   1. 445.   2.]]
[[  2.   9. 569.   3.   3.   3. 446.   1.]]
[[  2.   2. 571.   7.   2.   1. 447.   2.]]
[[  2.   2. 574.  10.   1.   2. 448.   2.]]
[[  3.   2. 575.   8.   1.   2. 449.   2.]]
[[  3.   3. 580.   1.   1.   3. 450.   2.]]
[[  3.   3. 581.   7.   3.   1. 451.   3.]]
[[  3.   3. 582.   3.   1.   3. 452.   2.]]
[[  2.   1. 583.  10.   1.   1. 453.   2.]]
[[  2.   6. 585.   7.   3.   2. 454.   2.]]
[[  3.   2. 586.   8.   1.   2. 455.   1.]]
[[  2.   3. 587.   7.   1.   3. 456.   3.]]
[[  1.   3. 590.  10.   3.   1. 457.   1.]]
[[  1.   2. 591.   5.   1.   2. 458.   2.]]
[[  3.   3. 592.   9.   3.   1. 459.   2.]]
[[  1.   2. 594.   4.   1.   2. 460.   1.]]
[[  3.   6. 595.   3.   3.   2. 461.   2.]]
[[  2.   2. 596.   2.   2.   1. 462.   1.]]
[[  3.   3. 597.   9.   3.   1. 463.   2.]]
[[  2.   3. 598.   8.   3.   1. 464.   2.]]
[[  2.   6. 599.   2.   3.   2. 465.   2.]]
[[  2.   2. 600.   2.   1.   2. 466.   2.]]
[[  2.   9. 602.  10.   3.   3. 467.   3.]]
[[  3.   4. 603.   3.   2.   2. 468.   1.]]
[[  2.   6. 604.   2.   3.   2. 469.   3.]]
[[  2.   2. 605.   7.   2.   1. 470.   2.]]
[[  2.   3. 606.   6.   1.   3. 471.   2.]]
[[  1.   9. 607.   3.   3.   3. 472.   3.]]
[[  3.   1. 608.   7.   1.   1. 473.   1.]]
[[  3.   2. 610.   2.   2.   1. 474.   2.]]
[[  3.   6. 611.   2.   2.   3. 475.   2.]]
[[  3.   6. 612.   3.   2.   3. 476.   3.]]
[[  1.   6. 613.   7.   3.   2. 477.   2.]]
[[  1.   1. 615.   2.   1.   1. 478.   3.]]
[[  3.   1. 616.   6.   1.   1. 479.   2.]]
[[  2.   1. 617.   3.   1.   1. 480.   2.]]
[[  3.   3. 618.   2.   1.   3. 481.   1.]]
[[  3.   4. 620.   3.   2.   2. 482.   2.]]
[[  1.   2. 621.   9.   1.   2. 483.   3.]]
[[  3.   2. 622.   9.   2.   1. 484.   2.]]
[[  3.   2. 623.   4.   1.   2. 485.   3.]]
[[  2.   4. 624.  10.   2.   2. 486.   2.]]
[[  3.   3. 625.   8.   1.   3. 487.   3.]]
[[  2.   6. 626.   1.   3.   2. 488.   1.]]
[[  3.   3. 627.   7.   1.   3. 489.   2.]]
[[  3.   6. 628.   4.   2.   3. 490.   1.]]
[[  3.   2. 629.   3.   2.   1. 491.   2.]]
[[  3.   3. 630.  10.   3.   1. 492.   1.]]
[[  1.   4. 631.   1.   2.   2. 493.   3.]]
[[  3.   3. 632.   1.   1.   3. 494.   2.]]
[[  1.   1. 633.   9.   1.   1. 495.   3.]]
[[  3.   9. 635.   3.   3.   3. 496.   2.]]
[[  2.   1. 637.   8.   1.   1. 497.   3.]]
[[  1.   3. 638.   1.   3.   1. 498.   3.]]
[[  1.   2. 639.   7.   1.   2. 499.   2.]]
[[  2.   6. 640.   1.   2.   3. 500.   1.]]
[[  1.   6. 641.   4.   3.   2. 501.   3.]]
[[  1.   3. 642.   1.   1.   3. 502.   1.]]
[[  3.   4. 644.   4.   2.   2. 503.   2.]]
[[  3.   3. 645.   7.   1.   3. 504.   3.]]
[[  2.   6. 647.   7.   3.   2. 505.   1.]]
[[  3.   3. 648.   4.   1.   3. 506.   2.]]
[[  3.   3. 649.   5.   1.   3. 507.   3.]]
[[  3.   2. 650.   5.   2.   1. 508.   3.]]
[[  3.   1. 651.   3.   1.   1. 509.   2.]]
[[  2.   9. 652.   1.   3.   3. 510.   3.]]
[[  3.   4. 654.   9.   2.   2. 511.   2.]]
[[  3.   9. 656.   8.   3.   3. 512.   2.]]
[[  3.   9. 657.   7.   3.   3. 513.   3.]]
[[  2.   6. 658.   1.   2.   3. 514.   1.]]
[[  2.   2. 659.   5.   2.   1. 515.   2.]]
[[  3.   2. 660.   5.   1.   2. 516.   1.]]
[[  3.   4. 661.   2.   2.   2. 517.   2.]]
[[  1.   6. 663.   3.   2.   3. 518.   2.]]
[[  2.   4. 664.   2.   2.   2. 519.   1.]]
[[  2.   4. 665.   3.   2.   2. 520.   2.]]
[[  1.   2. 666.   8.   2.   1. 521.   3.]]
[[  1.   2. 668.   3.   2.   1. 522.   2.]]
[[  3.   4. 669.   9.   2.   2. 523.   3.]]
[[  2.   6. 670.   3.   2.   3. 524.   2.]]
[[  3.   6. 671.   1.   2.   3. 525.   1.]]
[[  1.   4. 672.   5.   2.   2. 526.   1.]]
[[  3.   3. 673.   7.   1.   3. 527.   1.]]
[[  3.   6. 674.   6.   3.   2. 528.   2.]]
[[  3.   3. 675.   2.   3.   1. 529.   1.]]
[[  3.   1. 676.   2.   1.   1. 530.   1.]]
[[  3.   3. 677.   8.   3.   1. 531.   3.]]
[[  1.   2. 679.   8.   2.   1. 532.   1.]]
[[  3.   6. 681.   7.   2.   3. 533.   1.]]
[[  2.   2. 682.   8.   1.   2. 534.   1.]]
[[  1.   2. 683.   8.   1.   2. 535.   2.]]
[[  1.   6. 684.  10.   2.   3. 536.   2.]]
[[  2.   6. 685.   2.   2.   3. 537.   3.]]
[[  2.   4. 688.   7.   2.   2. 538.   2.]]
[[  2.   6. 689.   3.   2.   3. 539.   1.]]
[[  3.   9. 690.   4.   3.   3. 540.   1.]]
[[  2.   4. 692.   8.   2.   2. 541.   1.]]
[[  3.   9. 693.   2.   3.   3. 542.   1.]]
[[  1.   4. 694.  10.   2.   2. 543.   2.]]
[[  3.   1. 695.   9.   1.   1. 544.   1.]]
[[  3.   9. 697.   7.   3.   3. 545.   2.]]
[[  3.   6. 698.   3.   2.   3. 546.   2.]]
[[  3.   1. 699.   9.   1.   1. 547.   2.]]
[[  2.   2. 701.   9.   2.   1. 548.   3.]]
[[  1.   9. 702.   6.   3.   3. 549.   3.]]
[[  3.   6. 703.   1.   2.   3. 550.   1.]]
[[  3.   1. 704.   4.   1.   1. 551.   1.]]
[[  3.   1. 706.   5.   1.   1. 552.   1.]]
[[  1.   2. 708.   9.   1.   2. 553.   2.]]
[[  2.   4. 709.   3.   2.   2. 554.   3.]]
[[  2.   1. 710.   7.   1.   1. 555.   1.]]
[[  2.   4. 711.   1.   2.   2. 556.   2.]]
[[  2.   2. 713.   4.   2.   1. 557.   3.]]
[[  1.   2. 714.   1.   2.   1. 558.   2.]]
[[  2.   3. 715.  10.   3.   1. 559.   3.]]
[[  3.   3. 716.  10.   1.   3. 560.   1.]]
[[  2.   1. 717.   3.   1.   1. 561.   3.]]
[[  3.   3. 718.   6.   1.   3. 562.   2.]]
[[  1.   2. 719.   3.   1.   2. 563.   2.]]
[[  3.   6. 721.  10.   3.   2. 564.   3.]]
[[  3.   9. 722.   6.   3.   3. 565.   2.]]
[[  3.   6. 723.   3.   2.   3. 566.   2.]]
[[  2.   3. 726.   1.   1.   3. 567.   2.]]
[[  2.   3. 727.   1.   3.   1. 568.   2.]]
[[  1.   3. 729.   5.   3.   1. 569.   1.]]
[[  2.   9. 730.   6.   3.   3. 570.   3.]]
[[  3.   6. 731.   3.   3.   2. 571.   1.]]
[[  1.   3. 732.   1.   3.   1. 572.   2.]]
[[  2.   2. 733.   1.   2.   1. 573.   2.]]
[[  3.   3. 734.   8.   1.   3. 574.   3.]]
[[  3.   6. 735.   1.   3.   2. 575.   2.]]
[[  1.   1. 737.   2.   1.   1. 576.   3.]]
[[  2.   6. 739.   9.   3.   2. 577.   2.]]
[[  1.   4. 740.   2.   2.   2. 578.   2.]]
[[  1.   6. 741.   1.   3.   2. 579.   1.]]
[[  2.   6. 742.   6.   3.   2. 580.   2.]]
[[  2.   6. 743.   7.   2.   3. 581.   1.]]
[[  3.   3. 744.   7.   3.   1. 582.   3.]]
[[  3.   4. 745.   3.   2.   2. 583.   1.]]
[[  1.   6. 746.   2.   3.   2. 584.   1.]]
[[  3.   2. 747.   2.   2.   1. 585.   1.]]
[[  2.   3. 749.   6.   3.   1. 586.   1.]]
[[  2.   3. 755.   4.   3.   1. 587.   3.]]
[[  3.   2. 756.   2.   1.   2. 588.   1.]]
[[  3.   3. 757.   4.   1.   3. 589.   1.]]
[[  3.   6. 758.   2.   2.   3. 590.   1.]]
[[  2.   1. 759.   9.   1.   1. 591.   2.]]
[[  3.   2. 760.   4.   2.   1. 592.   1.]]
[[  1.   6. 761.   1.   3.   2. 593.   2.]]
[[  2.   6. 762.   1.   2.   3. 594.   2.]]
[[  2.   9. 763.   8.   3.   3. 595.   1.]]
[[  3.   9. 764.   6.   3.   3. 596.   2.]]
[[  1.   4. 768.   8.   2.   2. 597.   2.]]
[[  3.   1. 769.   5.   1.   1. 598.   2.]]
[[  3.   6. 770.   4.   3.   2. 599.   1.]]
[[  1.   3. 771.   2.   3.   1. 600.   1.]]
[[  3.   6. 772.   8.   2.   3. 601.   1.]]
[[  3.   1. 774.   4.   1.   1. 602.   1.]]
[[  2.   3. 776.  10.   1.   3. 603.   1.]]
[[  3.   3. 777.   5.   1.   3. 604.   1.]]
[[  1.   6. 779.   9.   2.   3. 605.   1.]]
[[  3.   1. 781.   3.   1.   1. 606.   1.]]
[[  3.   2. 782.   7.   1.   2. 607.   2.]]
[[  3.   2. 784.   9.   1.   2. 608.   1.]]
[[  2.   2. 786.   3.   1.   2. 609.   2.]]
[[  1.   6. 787.   3.   3.   2. 610.   3.]]
[[  3.   2. 788.   1.   1.   2. 611.   3.]]
[[  2.   3. 789.   8.   1.   3. 612.   2.]]
[[  2.   3. 790.  10.   1.   3. 613.   2.]]
[[  3.   9. 791.   9.   3.   3. 614.   3.]]
[[  3.   2. 793.   1.   1.   2. 615.   2.]]
[[  3.   2. 794.   2.   2.   1. 616.   3.]]
[[  3.   3. 795.   1.   1.   3. 617.   2.]]
[[  3.   3. 796.   6.   3.   1. 618.   2.]]
[[  3.   6. 797.   2.   3.   2. 619.   2.]]
[[  2.   9. 798.   4.   3.   3. 620.   1.]]
[[  2.   9. 799.   2.   3.   3. 621.   3.]]
[[  3.   6. 800.   9.   3.   2. 622.   1.]]
[[  2.   6. 801.  10.   3.   2. 623.   3.]]
[[  3.   2. 802.   8.   2.   1. 624.   3.]]
[[  3.   2. 803.   9.   1.   2. 625.   3.]]
[[  2.   4. 804.   8.   2.   2. 626.   2.]]
[[  1.   9. 806.   2.   3.   3. 627.   1.]]
[[  1.   9. 807.  10.   3.   3. 628.   2.]]
[[  3.   6. 808.   4.   2.   3. 629.   3.]]
[[  3.   6. 809.   1.   2.   3. 630.   1.]]
[[  2.   9. 810.   5.   3.   3. 631.   1.]]
[[  3.   9. 811.   7.   3.   3. 632.   1.]]
[[  1.   2. 813.   8.   2.   1. 633.   2.]]
[[  1.   4. 814.   6.   2.   2. 634.   1.]]
[[  2.   2. 815.   4.   2.   1. 635.   2.]]
[[  3.   6. 816.   2.   2.   3. 636.   1.]]
[[  3.   2. 817.   4.   2.   1. 637.   2.]]
[[  1.   6. 819.  10.   3.   2. 638.   1.]]
[[  1.   9. 820.   7.   3.   3. 639.   1.]]
[[  2.   3. 822.   5.   3.   1. 640.   3.]]
[[  2.   6. 823.  10.   2.   3. 641.   1.]]
[[  3.   4. 824.   6.   2.   2. 642.   2.]]
[[  3.   6. 825.   8.   2.   3. 643.   2.]]
[[  3.   2. 826.   5.   1.   2. 644.   1.]]
[[  3.   4. 828.   1.   2.   2. 645.   1.]]
[[  3.   1. 831.   6.   1.   1. 646.   3.]]
[[  3.   6. 832.   6.   3.   2. 647.   2.]]
[[  3.   1. 833.  10.   1.   1. 648.   1.]]
[[  3.   2. 834.   1.   1.   2. 649.   3.]]
[[  3.   1. 835.   7.   1.   1. 650.   1.]]
[[  3.   9. 836.   8.   3.   3. 651.   1.]]
[[  1.   4. 837.   5.   2.   2. 652.   1.]]
[[  1.   1. 838.   2.   1.   1. 653.   1.]]
[[  3.   9. 839.   7.   3.   3. 654.   1.]]
[[  2.   4. 840.   9.   2.   2. 655.   1.]]
[[  3.   3. 841.   9.   3.   1. 656.   3.]]
[[  2.   1. 842.   6.   1.   1. 657.   1.]]
[[  1.   6. 844.  10.   3.   2. 658.   2.]]
[[  2.   2. 845.   8.   1.   2. 659.   2.]]
[[  1.   2. 848.   1.   2.   1. 660.   3.]]
[[  3.   9. 849.   1.   3.   3. 661.   1.]]
[[  2.   3. 850.   7.   1.   3. 662.   2.]]
[[  2.   6. 851.  10.   2.   3. 663.   2.]]
[[  2.   2. 852.   8.   2.   1. 664.   2.]]
[[  1.   6. 853.   2.   3.   2. 665.   1.]]
[[  2.   6. 855.   8.   2.   3. 666.   1.]]
[[  2.   1. 857.   6.   1.   1. 667.   3.]]
[[  2.   4. 858.   6.   2.   2. 668.   2.]]
[[  3.   3. 860.  10.   1.   3. 669.   2.]]
[[  3.   9. 861.   7.   3.   3. 670.   1.]]
[[  2.   2. 862.   1.   1.   2. 671.   3.]]
[[  3.   4. 863.   9.   2.   2. 672.   1.]]
[[  1.   4. 864.   6.   2.   2. 673.   3.]]
[[  1.   1. 865.   3.   1.   1. 674.   3.]]
[[  2.   2. 867.   4.   1.   2. 675.   2.]]
[[  1.   9. 868.   1.   3.   3. 676.   1.]]
[[  3.   4. 869.   1.   2.   2. 677.   2.]]
[[  3.   9. 870.   3.   3.   3. 678.   3.]]
[[  1.   9. 872.   7.   3.   3. 679.   3.]]
[[  3.   1. 873.   1.   1.   1. 680.   2.]]
[[  3.   2. 874.  10.   1.   2. 681.   2.]]
[[  3.   2. 876.  10.   2.   1. 682.   1.]]
[[  3.   1. 879.   8.   1.   1. 683.   3.]]
[[  2.   6. 880.   7.   2.   3. 684.   2.]]
[[  1.   2. 881.   1.   2.   1. 685.   1.]]
[[  1.   2. 883.   1.   2.   1. 686.   3.]]
[[  2.   6. 884.   7.   2.   3. 687.   2.]]
[[  3.   2. 885.   2.   2.   1. 688.   3.]]
[[  3.   9. 886.   9.   3.   3. 689.   2.]]
[[  3.   9. 887.   8.   3.   3. 690.   1.]]
[[  3.   4. 888.   1.   2.   2. 691.   3.]]
[[  3.   6. 889.   2.   3.   2. 692.   2.]]
[[  3.   9. 890.  10.   3.   3. 693.   2.]]
[[  3.   2. 891.   7.   2.   1. 694.   2.]]
[[  2.   1. 892.   5.   1.   1. 695.   1.]]
[[  2.   4. 894.   5.   2.   2. 696.   1.]]
[[  3.   1. 897.   5.   1.   1. 697.   1.]]
[[  1.   2. 899.  10.   2.   1. 698.   2.]]
[[  1.   4. 900.  10.   2.   2. 699.   1.]]
[[  1.   2. 901.  10.   1.   2. 700.   1.]]
[[  1.   1. 902.   1.   1.   1. 701.   2.]]
[[  2.   3. 903.   2.   1.   3. 702.   2.]]
[[  1.   3. 904.   1.   1.   3. 703.   2.]]
[[  2.   2. 905.   1.   2.   1. 704.   1.]]
[[  3.   1. 906.  10.   1.   1. 705.   2.]]
[[  2.   2. 907.   3.   1.   2. 706.   2.]]
[[  3.   6. 909.   4.   2.   3. 707.   3.]]
[[  3.   4. 910.   5.   2.   2. 708.   2.]]
[[  3.   4. 911.   9.   2.   2. 709.   2.]]
[[  3.   6. 912.   5.   2.   3. 710.   2.]]
[[  2.   3. 913.   9.   3.   1. 711.   2.]]
[[  3.   1. 915.   1.   1.   1. 712.   2.]]
[[  3.   2. 916.   3.   2.   1. 713.   1.]]
[[  3.   6. 917.   7.   2.   3. 714.   1.]]
[[  3.   2. 919.   3.   1.   2. 715.   2.]]
[[  2.   2. 922.   7.   2.   1. 716.   1.]]
[[  3.   6. 923.   4.   2.   3. 717.   3.]]
[[  3.   9. 924.   7.   3.   3. 718.   1.]]
[[  2.   4. 927.   1.   2.   2. 719.   2.]]
[[  2.   3. 928.   1.   3.   1. 720.   2.]]
[[  3.   9. 929.   5.   3.   3. 721.   3.]]
[[  1.   2. 930.   4.   1.   2. 722.   1.]]
[[  2.   1. 931.   9.   1.   1. 723.   2.]]
[[  3.   9. 932.   4.   3.   3. 724.   1.]]
[[  3.   2. 933.   8.   1.   2. 725.   2.]]
[[  3.   2. 935.   1.   2.   1. 726.   3.]]
[[  2.   2. 936.   8.   1.   2. 727.   1.]]
[[  1.   3. 937.   3.   1.   3. 728.   1.]]
[[  3.   2. 938.   8.   2.   1. 729.   3.]]
[[  1.   4. 939.   5.   2.   2. 730.   2.]]
[[  3.   3. 941.  10.   3.   1. 731.   1.]]
[[  2.   4. 942.   6.   2.   2. 732.   3.]]
[[  3.   2. 945.   2.   1.   2. 733.   1.]]
[[  3.   9. 947.   3.   3.   3. 734.   2.]]
[[  3.   3. 948.  10.   3.   1. 735.   2.]]
[[  3.   3. 949.  10.   3.   1. 736.   2.]]
[[  3.   6. 950.   7.   2.   3. 737.   3.]]
[[  3.   3. 951.   5.   1.   3. 738.   1.]]
[[  3.   2. 952.   6.   2.   1. 739.   1.]]
[[  1.   2. 955.   5.   2.   1. 740.   3.]]
[[  3.   3. 957.   9.   1.   3. 741.   2.]]
[[  2.   2. 959.   9.   1.   2. 742.   3.]]
[[  1.   2. 960.   1.   1.   2. 743.   2.]]
[[  2.   2. 961.   7.   1.   2. 744.   2.]]
[[  2.   1. 962.   5.   1.   1. 745.   3.]]
[[  3.   3. 963.   1.   3.   1. 746.   1.]]
[[  2.   2. 964.   7.   2.   1. 747.   2.]]
[[  3.   9. 965.   8.   3.   3. 748.   3.]]
[[  3.   3. 966.   4.   3.   1. 749.   2.]]
[[  3.   6. 968.   7.   3.   2. 750.   1.]]
[[  3.   1. 969.   1.   1.   1. 751.   2.]]
[[  2.   1. 971.   6.   1.   1. 752.   1.]]
[[  1.   4. 973.   3.   2.   2. 753.   2.]]
[[  3.   3. 974.   1.   1.   3. 754.   3.]]
[[  3.   6. 976.   2.   2.   3. 755.   1.]]
[[  3.   4. 977.   3.   2.   2. 756.   2.]]
[[  1.   1. 978.   3.   1.   1. 757.   1.]]
[[  1.   3. 979.   4.   3.   1. 758.   2.]]
[[  3.   2. 981.  10.   1.   2. 759.   1.]]
[[  1.   1. 983.   9.   1.   1. 760.   2.]]
[[  3.   6. 985.   7.   2.   3. 761.   2.]]
[[  2.   6. 987.   7.   3.   2. 762.   1.]]
[[  1.   4. 988.   1.   2.   2. 763.   3.]]
[[  3.   1. 990.   6.   1.   1. 764.   2.]]
[[  3.   3. 991.   2.   1.   3. 765.   3.]]
[[  3.   2. 992.   5.   1.   2. 766.   1.]]
[[  1.   9. 993.   8.   3.   3. 767.   3.]]
[[  3.   2. 994.   5.   2.   1. 768.   2.]]
[[  3.   2. 995.   9.   1.   2. 769.   1.]]
[[  3.   3. 996.   2.   1.   3. 770.   1.]]
[[  1.   3. 997.   9.   1.   3. 771.   1.]]
[[  3.   9. 998.   6.   3.   3. 772.   2.]]
[[  1.   2. 999.  10.   1.   2. 773.   1.]]
